[gd_scene load_steps=21 format=3 uid="uid://cekoxcdqlj6ky"]

[ext_resource type="PackedScene" uid="uid://bf4m2dngk5365" path="res://Prefabs/cannon.tscn" id="1_uskap"]
[ext_resource type="Script" path="res://Scripts/Player.cs" id="1_wgfk8"]
[ext_resource type="Script" path="res://Scripts/PlayerStats.cs" id="2_jvlfs"]
[ext_resource type="Script" path="res://Scripts/PlayerCamera.cs" id="3_cnrpu"]
[ext_resource type="Texture2D" uid="uid://bpy0i1taywawa" path="res://Textures/metal.png" id="4_uhb3p"]
[ext_resource type="PackedScene" uid="uid://cps8g8eic347m" path="res://Prefabs/heat_panel.tscn" id="5_6j8bg"]
[ext_resource type="PackedScene" uid="uid://kedsvklwh0d5" path="res://Prefabs/health_panel.tscn" id="6_i66um"]

[sub_resource type="StandardMaterial3D" id="StandardMaterial3D_si5ny"]
albedo_texture = ExtResource("4_uhb3p")
metallic = 1.0

[sub_resource type="CapsuleMesh" id="CapsuleMesh_gxeti"]
material = SubResource("StandardMaterial3D_si5ny")
radius = 0.03
height = 1.0

[sub_resource type="StandardMaterial3D" id="StandardMaterial3D_4lk8b"]
albedo_texture = ExtResource("4_uhb3p")
metallic = 0.5

[sub_resource type="TorusMesh" id="TorusMesh_1govx"]
material = SubResource("StandardMaterial3D_4lk8b")
inner_radius = 0.12
outer_radius = 0.13

[sub_resource type="TorusMesh" id="TorusMesh_o1hnn"]
material = SubResource("StandardMaterial3D_4lk8b")
inner_radius = 0.05
outer_radius = 0.06

[sub_resource type="StandardMaterial3D" id="StandardMaterial3D_whiis"]
transparency = 1
albedo_color = Color(0.737255, 1, 1, 0.00392157)

[sub_resource type="PlaneMesh" id="PlaneMesh_3mb3i"]
material = SubResource("StandardMaterial3D_whiis")
size = Vector2(1.32, 0.975)
orientation = 2

[sub_resource type="PlaneMesh" id="PlaneMesh_j0ath"]
material = SubResource("StandardMaterial3D_whiis")
size = Vector2(1.32, 0.975)
orientation = 2

[sub_resource type="Animation" id="Animation_dmed3"]
resource_name = "Move"
length = 0.7
tracks/0/type = "value"
tracks/0/imported = false
tracks/0/enabled = true
tracks/0/path = NodePath("Shop/Arm1:rotation")
tracks/0/interp = 1
tracks/0/loop_wrap = true
tracks/0/keys = {
"times": PackedFloat32Array(0, 0.7),
"transitions": PackedFloat32Array(1, 1),
"update": 0,
"values": [Vector3(2.05139, 0, 0), Vector3(0.317528, 0, 0)]
}
tracks/1/type = "value"
tracks/1/imported = false
tracks/1/enabled = true
tracks/1/path = NodePath("Shop/Arm1/Arm2:rotation")
tracks/1/interp = 1
tracks/1/loop_wrap = true
tracks/1/keys = {
"times": PackedFloat32Array(0, 0.7),
"transitions": PackedFloat32Array(1, 1),
"update": 0,
"values": [Vector3(2.81525, 0, 0), Vector3(4.87296, 0, 0)]
}
tracks/2/type = "value"
tracks/2/imported = false
tracks/2/enabled = true
tracks/2/path = NodePath("Shop/Arm1/Arm2/Panel:rotation")
tracks/2/interp = 1
tracks/2/loop_wrap = true
tracks/2/keys = {
"times": PackedFloat32Array(0, 0.7),
"transitions": PackedFloat32Array(1, 1),
"update": 0,
"values": [Vector3(2.80986, 0, 0), Vector3(5.80497, 0, 0)]
}

[sub_resource type="AnimationLibrary" id="AnimationLibrary_ph7xo"]
_data = {
"Move": SubResource("Animation_dmed3")
}

[sub_resource type="StandardMaterial3D" id="StandardMaterial3D_2qhx3"]
albedo_texture = ExtResource("4_uhb3p")
metallic = 1.0
uv1_scale = Vector3(0.73, 0.135, 1.802)

[sub_resource type="CapsuleMesh" id="CapsuleMesh_dx6ox"]
radius = 0.025
height = 0.5

[sub_resource type="BoxMesh" id="BoxMesh_8qeqp"]
size = Vector3(0.6, 0.4, 0.1)

[node name="Player" type="Node3D" node_paths=PackedStringArray("cannons", "rayCast")]
script = ExtResource("1_wgfk8")
sensitivity = Vector2(0.1, 0.1)
angleRange = Vector2(30, 60)
cannons = [NodePath("CannonUpLeft"), NodePath("CannonUpRight"), NodePath("CannonDownLeft"), NodePath("CannonDownRight")]
rayCast = NodePath("RayCast3D")

[node name="Stats" type="Node3D" parent="."]
script = ExtResource("2_jvlfs")
fireRate = 4.0
damage = 1.0
health = 5.0
heat = 0.1
heatReductionSpeed = 0.1

[node name="RayCast3D" type="RayCast3D" parent="."]
enabled = false
target_position = Vector3(0, 0, 1000)
debug_shape_custom_color = Color(1, 0.869863, 0, 1)
debug_shape_thickness = 5

[node name="Camera3D" type="Camera3D" parent="."]
transform = Transform3D(-1, 0, -8.74228e-08, 0, 1, 0, 8.74228e-08, 0, -1, 0, 0, -0.2)
script = ExtResource("3_cnrpu")
shakeRange = Vector2(0.1, 0.1)
shakeDuration = 1.0

[node name="CannonUpLeft" parent="." instance=ExtResource("1_uskap")]
transform = Transform3D(1, 0, 0, 0, 1, 0, 0, 0, 0.4, 4.69059, 2.68417, 2.81272)

[node name="CannonUpRight" parent="." instance=ExtResource("1_uskap")]
transform = Transform3D(1, 0, 0, 0, 1, 0, 0, 0, 0.4, -4.691, 2.68417, 2.81272)

[node name="CannonDownLeft" parent="." instance=ExtResource("1_uskap")]
transform = Transform3D(1, 0, 0, 0, 1, 0, 0, 0, 0.4, 4.691, -2.684, 2.813)

[node name="CannonDownRight" parent="." instance=ExtResource("1_uskap")]
transform = Transform3D(1, 0, 0, 0, 1, 0, 0, 0, 0.4, -4.691, -2.684, 2.813)

[node name="Cabin" type="Node3D" parent="."]

[node name="Cage" type="Node3D" parent="Cabin"]

[node name="MeshInstance3D" type="MeshInstance3D" parent="Cabin/Cage"]
transform = Transform3D(1, 0, 0, 0, 1, 0, 0, 0, 1, 0.636772, -1.19209e-07, 0.970348)
mesh = SubResource("CapsuleMesh_gxeti")
skeleton = NodePath("../..")

[node name="MeshInstance3D2" type="MeshInstance3D" parent="Cabin/Cage"]
transform = Transform3D(0.949283, 0.200725, -0.242015, 0, 0.769712, 0.638392, 0.314423, -0.606014, 0.730674, 0.729609, 0.831898, 0.681079)
mesh = SubResource("CapsuleMesh_gxeti")
skeleton = NodePath("../..")

[node name="MeshInstance3D3" type="MeshInstance3D" parent="Cabin/Cage"]
transform = Transform3D(0.949425, -0.200568, -0.241586, 0, 0.7694, -0.638768, 0.313992, 0.606462, 0.730488, 0.727, -0.832, 0.672)
mesh = SubResource("CapsuleMesh_gxeti")
skeleton = NodePath("../..")

[node name="MeshInstance3D4" type="MeshInstance3D" parent="Cabin/Cage"]
transform = Transform3D(1, 0, 0, 0, 1, 0, 0, 0, 1, -0.637, -1.19209e-07, 0.970348)
mesh = SubResource("CapsuleMesh_gxeti")
skeleton = NodePath("../..")

[node name="MeshInstance3D5" type="MeshInstance3D" parent="Cabin/Cage"]
transform = Transform3D(0.949425, -0.200568, 0.241586, 0, 0.7694, 0.638768, -0.313992, -0.606462, 0.730488, -0.731287, 0.832, 0.687619)
mesh = SubResource("CapsuleMesh_gxeti")
skeleton = NodePath("../..")

[node name="MeshInstance3D6" type="MeshInstance3D" parent="Cabin/Cage"]
transform = Transform3D(0.949425, 0.200568, 0.241586, 0, 0.7694, -0.638768, -0.313992, 0.606462, 0.730488, -0.727, -0.832, 0.672)
mesh = SubResource("CapsuleMesh_gxeti")
skeleton = NodePath("../..")

[node name="Crosshair" type="Node3D" parent="Cabin"]
transform = Transform3D(0.65, 0, 0, 0, 0.65, 0, 0, 0, 0.65, 0, 0, 0.97)

[node name="MeshInstance3D" type="MeshInstance3D" parent="Cabin/Crosshair"]
transform = Transform3D(1, 0, 0, 0, -4.37114e-08, -1, 0, 1, -4.37114e-08, 0, 0, 0)
mesh = SubResource("TorusMesh_1govx")

[node name="MeshInstance3D2" type="MeshInstance3D" parent="Cabin/Crosshair"]
transform = Transform3D(1, 0, 0, 0, -4.37114e-08, -1, 0, 1, -4.37114e-08, 0, 0, 0)
mesh = SubResource("TorusMesh_o1hnn")

[node name="Glass" type="Node3D" parent="Cabin"]

[node name="MeshInstance3D" type="MeshInstance3D" parent="Cabin/Glass"]
transform = Transform3D(-1, 0, -8.74228e-08, 5.44363e-08, 0.782478, -0.622679, 6.84064e-08, -0.622679, -0.782478, 0, 0.86364, 0.67514)
mesh = SubResource("PlaneMesh_3mb3i")
skeleton = NodePath("../..")

[node name="MeshInstance3D3" type="MeshInstance3D" parent="Cabin/Glass"]
transform = Transform3D(-1, -5.4422e-08, 6.84178e-08, 0, 0.782608, 0.622515, -8.74228e-08, 0.622515, -0.782608, 0, -0.864, 0.675)
mesh = SubResource("PlaneMesh_3mb3i")
skeleton = NodePath("../..")

[node name="MeshInstance3D2" type="MeshInstance3D" parent="Cabin/Glass"]
transform = Transform3D(-1, 0, -8.74228e-08, 0, 1, 0, 8.74228e-08, 0, -1, 0, 0, 0.977919)
mesh = SubResource("PlaneMesh_3mb3i")
skeleton = NodePath("../..")

[node name="Node3D2" type="Node3D" parent="Cabin/Glass"]

[node name="MeshInstance3D4" type="MeshInstance3D" parent="Cabin/Glass/Node3D2"]
transform = Transform3D(-0.312484, 0, 0.949923, 0, 1, 0, -0.949923, 0, -0.312484, -0.847787, 0.00834545, 0.351496)
mesh = SubResource("PlaneMesh_j0ath")
skeleton = NodePath("../../..")

[node name="MeshInstance3D5" type="MeshInstance3D" parent="Cabin/Glass/Node3D2"]
transform = Transform3D(-0.318689, -0.254624, 0.91832, 0.007575, 1.02564, 0.274058, -0.919891, -0.744909, -0.28407, -0.981999, 0.979986, -0.0312552)
rotation_edit_mode = 2
mesh = SubResource("PlaneMesh_j0ath")
skeleton = NodePath("../../..")

[node name="Node3D" type="Node3D" parent="Cabin/Glass/Node3D2"]
transform = Transform3D(1, 0, 0, 0, -1, 0, 0, 0, 1, 0, 0, 0)

[node name="MeshInstance3D6" type="MeshInstance3D" parent="Cabin/Glass/Node3D2/Node3D"]
transform = Transform3D(-0.318689, -0.254624, 0.91832, 0.007575, 1.02564, 0.274058, -0.919891, -0.744909, -0.28407, -0.981999, 0.977758, -0.0312552)
rotation_edit_mode = 2
mesh = SubResource("PlaneMesh_j0ath")
skeleton = NodePath("../../../..")

[node name="Node3D3" type="Node3D" parent="Cabin/Glass"]
transform = Transform3D(-1, -8.74228e-08, 0, 8.74228e-08, -1, 0, 0, 0, 1, 0, 0, 0)

[node name="MeshInstance3D4" type="MeshInstance3D" parent="Cabin/Glass/Node3D3"]
transform = Transform3D(-0.312484, 0, 0.949923, 0, 1, 0, -0.949923, 0, -0.312484, -0.847787, 0.00834545, 0.351496)
mesh = SubResource("PlaneMesh_j0ath")
skeleton = NodePath("../../..")

[node name="MeshInstance3D5" type="MeshInstance3D" parent="Cabin/Glass/Node3D3"]
transform = Transform3D(-0.318689, -0.254624, 0.91832, 0.007575, 1.02564, 0.274058, -0.919891, -0.744909, -0.28407, -0.981999, 0.979986, -0.0312552)
rotation_edit_mode = 2
mesh = SubResource("PlaneMesh_j0ath")
skeleton = NodePath("../../..")

[node name="Node3D" type="Node3D" parent="Cabin/Glass/Node3D3"]
transform = Transform3D(1, 0, 0, 0, -1, 0, 0, 0, 1, 0, 0, 0)

[node name="MeshInstance3D6" type="MeshInstance3D" parent="Cabin/Glass/Node3D3/Node3D"]
transform = Transform3D(-0.318689, -0.254624, 0.91832, 0.007575, 1.02564, 0.274058, -0.919891, -0.744909, -0.28407, -0.981999, 0.977758, -0.0312552)
rotation_edit_mode = 2
mesh = SubResource("PlaneMesh_j0ath")
skeleton = NodePath("../../../..")

[node name="Cockpit" type="Node3D" parent="."]

[node name="Heat" parent="Cockpit" instance=ExtResource("5_6j8bg")]

[node name="Health" parent="Cockpit" instance=ExtResource("6_i66um")]

[node name="Shop" type="Node3D" parent="."]
transform = Transform3D(0.5, 0, 0, 0, 0.5, 0, 0, 0, 0.5, 0, 0, -0.2)

[node name="Animations" type="AnimationPlayer" parent="Shop"]
root_node = NodePath("../..")
libraries = {
"": SubResource("AnimationLibrary_ph7xo")
}

[node name="Arm1" type="Node3D" parent="Shop"]
transform = Transform3D(1, 0, 0, 0, -0.462305, -0.88672, 0, 0.88672, -0.462305, 0, -0.631056, 0.658821)

[node name="Mesh" type="MeshInstance3D" parent="Shop/Arm1"]
transform = Transform3D(1, 0, 0, 0, 1, 0, 0, 0, 1, 0, 0.225, 0)
material_override = SubResource("StandardMaterial3D_2qhx3")
mesh = SubResource("CapsuleMesh_dx6ox")

[node name="Arm2" type="Node3D" parent="Shop/Arm1"]
transform = Transform3D(1, 0, 0, 0, -0.947222, -0.320581, 0, 0.320581, -0.947222, 0, 0.45, 0)

[node name="Mesh" type="MeshInstance3D" parent="Shop/Arm1/Arm2"]
transform = Transform3D(1, 0, 0, 0, 1, 0, 0, 0, 1, 0, 0.225, 0)
material_override = SubResource("StandardMaterial3D_2qhx3")
mesh = SubResource("CapsuleMesh_dx6ox")

[node name="Panel" type="Node3D" parent="Shop/Arm1/Arm2"]
transform = Transform3D(1, 0, 0, 0, -0.94548, -0.325682, 0, 0.325682, -0.94548, 0, 0.45, 5.96046e-08)

[node name="Background" type="MeshInstance3D" parent="Shop/Arm1/Arm2/Panel"]
transform = Transform3D(1, 0, 0, 0, -4.37114e-08, -1, 0, 1, -4.37114e-08, 0, 0, 0)
material_override = SubResource("StandardMaterial3D_2qhx3")
mesh = SubResource("BoxMesh_8qeqp")
skeleton = NodePath("../../../../Animations")
